date,ticker,open,high,low,close,volume
2024-01-02,FPT,105.5,109.0,102.5,108.2,1500000
2024-01-03,FPT,108.2,110.4,107.0,109.1,1800000
2024-01-04,FPT,109.1,111.5,108.2,110.8,2200000
2024-01-05,FPT,110.8,112.1,108.9,111.4,2400000
2024-01-08,FPT,111.4,113.2,110.1,112.8,2600000
2024-01-09,FPT,112.8,114.5,111.9,113.6,3000000
2024-01-10,FPT,113.6,116.2,112.4,115.1,3200000
2024-01-11,FPT,115.1,117.0,114.3,116.2,3100000
2024-01-12,FPT,116.2,118.5,115.4,117.5,3400000
2024-01-15,FPT,117.5,118.8,116.1,117.8,3600000
2024-01-02,VNM,68.0,69.5,67.5,68.8,900000
2024-01-03,VNM,68.8,70.4,68.1,69.6,980000
2024-01-04,VNM,69.6,71.0,69.0,70.2,960000
2024-01-05,VNM,70.2,71.8,69.5,71.1,1200000
2024-01-08,VNM,71.1,72.3,70.2,71.8,1500000
2024-01-09,VNM,71.8,73.0,71.0,72.4,1700000
2024-01-10,VNM,72.4,73.6,71.9,73.0,1800000
2024-01-11,VNM,73.0,74.2,72.4,73.6,1900000
2024-01-12,VNM,73.6,75.0,73.0,74.5,2000000
2024-01-15,VNM,74.5,76.2,74.1,75.6,2100000
2024-01-02,MWG,55.0,56.8,54.2,56.2,800000
2024-01-03,MWG,56.2,57.1,55.1,55.8,850000
2024-01-04,MWG,55.8,57.5,55.2,56.9,900000
2024-01-05,MWG,56.9,58.3,56.1,57.5,960000
2024-01-08,MWG,57.5,59.0,56.9,58.8,1050000
2024-01-09,MWG,58.8,60.1,58.1,59.4,1100000
2024-01-10,MWG,59.4,60.8,58.9,60.1,1180000
2024-01-11,MWG,60.1,61.2,59.2,60.7,1200000
2024-01-12,MWG,60.7,62.0,60.0,61.5,1300000
2024-01-15,MWG,61.5,63.1,60.8,62.4,1400000
2024-01-02,VCB,42.0,43.5,41.0,42.8,600000
2024-01-03,VCB,42.8,44.2,42.3,43.7,640000
2024-01-04,VCB,43.7,45.0,43.1,44.5,680000
2024-01-05,VCB,44.5,45.8,43.9,45.0,720000
2024-01-08,VCB,45.0,46.5,44.7,46.1,780000
2024-01-09,VCB,46.1,47.3,45.8,46.8,820000
2024-01-10,VCB,46.8,48.1,46.2,47.6,860000
2024-01-11,VCB,47.6,48.7,47.1,48.3,900000
2024-01-12,VCB,48.3,49.4,47.8,49.0,930000
2024-01-15,VCB,49.0,50.3,48.6,50.1,980000
2024-01-02,HPG,18.5,19.2,18.1,18.9,500000
2024-01-03,HPG,18.9,19.6,18.8,19.4,550000
2024-01-04,HPG,19.4,20.0,19.0,19.8,580000
2024-01-05,HPG,19.8,20.6,19.5,20.3,620000
2024-01-08,HPG,20.3,21.2,20.0,21.1,680000
2024-01-09,HPG,21.1,22.0,20.9,21.7,720000
2024-01-10,HPG,21.7,22.4,21.2,22.0,780000
2024-01-11,HPG,22.0,23.1,21.6,22.9,820000
2024-01-12,HPG,22.9,23.9,22.4,23.7,870000
2024-01-15,HPG,23.7,24.8,23.2,24.4,930000
